-0.298 -0.043 0.000
-0.269 -0.043 0.000
-0.239 -0.043 0.000
-0.210 -0.043 0.000
-0.181 -0.043 0.000
-0.152 -0.043 0.000
-0.123 -0.043 0.000
-0.094 -0.043 0.000
-0.065 -0.043 0.000
-0.036 -0.043 0.000
-0.007 -0.043 0.000
0.022 -0.043 0.000
0.051 -0.043 0.000
0.080 -0.043 0.000
0.109 -0.043 0.000
0.138 -0.043 0.000
0.167 -0.043 0.000
0.196 -0.043 0.000
0.225 -0.043 0.000
0.254 -0.043 0.000
0.283 -0.043 0.000
0.312 -0.043 0.000
0.341 -0.043 0.000
0.370 -0.043 0.000
0.399 -0.043 0.000
0.428 -0.043 0.000
0.457 -0.043 0.000
0.486 -0.043 0.000
0.515 -0.043 0.000
0.544 -0.043 0.000
0.573 -0.043 0.000
0.602 -0.043 0.000
0.632 -0.043 0.000
0.661 -0.043 0.000
0.690 -0.043 0.000
0.719 -0.043 0.000
0.748 -0.043 0.000
0.777 -0.043 0.000
0.806 -0.043 0.000
0.835 -0.043 0.000
0.864 -0.043 0.000
0.893 -0.043 0.000
0.922 -0.043 0.000
0.951 -0.043 0.000
0.980 -0.043 0.000
1.009 -0.043 0.000
1.038 -0.043 0.000
1.067 -0.043 0.000
1.096 -0.043 0.000
1.125 -0.043 0.000
-0.298 -0.022 0.000
-0.269 -0.022 0.000
-0.239 -0.022 0.000
-0.210 -0.022 0.000
-0.181 -0.022 0.000
-0.152 -0.022 0.000
-0.123 -0.022 0.000
-0.094 -0.022 0.000
-0.065 -0.022 0.000
-0.036 -0.022 0.000
-0.007 -0.022 0.000
0.022 -0.022 0.000
0.051 -0.022 0.000
0.080 -0.022 0.000
0.109 -0.022 0.000
0.138 -0.022 0.000
0.167 -0.022 0.000
0.196 -0.022 0.000
0.225 -0.022 0.000
0.254 -0.022 0.000
0.283 -0.022 0.000
0.312 -0.022 0.000
0.341 -0.022 0.000
0.370 -0.022 0.000
0.399 -0.022 0.000
0.428 -0.022 0.000
0.457 -0.022 0.000
0.486 -0.022 0.000
0.515 -0.022 0.000
0.544 -0.022 0.000
0.573 -0.022 0.000
0.602 -0.022 0.000
0.632 -0.022 0.000
0.661 -0.022 0.000
0.690 -0.022 0.000
0.719 -0.022 0.000
0.748 -0.022 0.000
0.777 -0.022 0.000
0.806 -0.022 0.000
0.835 -0.022 0.000
0.864 -0.022 0.000
0.893 -0.022 0.000
0.922 -0.022 0.000
0.951 -0.022 0.000
0.980 -0.022 0.000
1.009 -0.022 0.000
1.038 -0.022 0.000
1.067 -0.022 0.000
1.096 -0.022 0.000
1.125 -0.022 0.000
-0.298 -0.001 0.000
-0.269 -0.001 0.000
-0.239 -0.001 0.000
-0.210 -0.001 0.000
-0.181 -0.001 0.000
-0.152 -0.001 0.000
-0.123 -0.001 0.000
-0.094 -0.001 0.000
-0.065 -0.001 0.000
-0.036 -0.001 0.000
-0.007 -0.001 0.000
0.022 -0.001 0.000
0.051 -0.001 0.000
0.080 -0.001 0.000
0.109 -0.001 0.000
0.138 -0.001 0.000
0.167 -0.001 0.000
0.196 -0.001 0.000
0.225 -0.001 0.000
0.254 -0.001 0.000
0.283 -0.001 0.000
0.312 -0.001 0.000
0.341 -0.001 0.000
0.370 -0.001 0.000
0.399 -0.001 0.000
0.428 -0.001 0.000
0.457 -0.001 0.000
0.486 -0.001 0.000
0.515 -0.001 0.000
0.544 -0.001 0.000
0.573 -0.001 0.000
0.602 -0.001 0.000
0.632 -0.001 0.000
0.661 -0.001 0.000
0.690 -0.001 0.000
0.719 -0.001 0.000
0.748 -0.001 0.000
0.777 -0.001 0.000
0.806 -0.001 0.000
0.835 -0.001 0.000
0.864 -0.001 0.000
0.893 -0.001 0.000
0.922 -0.001 0.000
0.951 -0.001 0.000
0.980 -0.001 0.000
1.009 -0.001 0.000
1.038 -0.001 0.000
1.067 -0.001 0.000
1.096 -0.001 0.000
1.125 -0.001 0.000
-0.298 0.021 0.000
-0.269 0.021 0.000
-0.239 0.021 0.000
-0.210 0.021 0.000
-0.181 0.021 0.000
-0.152 0.021 0.000
-0.123 0.021 0.000
-0.094 0.021 0.000
-0.065 0.021 0.000
-0.036 0.021 0.000
-0.007 0.021 0.000
0.022 0.021 0.000
0.051 0.021 0.000
0.080 0.021 0.000
0.109 0.021 0.000
0.138 0.021 0.000
0.167 0.021 0.000
0.196 0.021 0.000
0.225 0.021 0.000
0.254 0.021 0.000
0.283 0.021 0.000
0.312 0.021 0.000
0.341 0.021 0.000
0.370 0.021 0.000
0.399 0.021 0.000
0.428 0.021 0.000
0.457 0.021 0.000
0.486 0.021 0.000
0.515 0.021 0.000
0.544 0.021 0.000
0.573 0.021 0.000
0.602 0.021 0.000
0.632 0.021 0.000
0.661 0.021 0.000
0.690 0.021 0.000
0.719 0.021 0.000
0.748 0.021 0.000
0.777 0.021 0.000
0.806 0.021 0.000
0.835 0.021 0.000
0.864 0.021 0.000
0.893 0.021 0.000
0.922 0.021 0.000
0.951 0.021 0.000
0.980 0.021 0.000
1.009 0.021 0.000
1.038 0.021 0.000
1.067 0.021 0.000
1.096 0.021 0.000
1.125 0.021 0.000
-0.298 0.042 0.000
-0.269 0.042 0.000
-0.239 0.042 0.000
-0.210 0.042 0.000
-0.181 0.042 0.000
-0.152 0.042 0.000
-0.123 0.042 0.000
-0.094 0.042 0.000
-0.065 0.042 0.000
-0.036 0.042 0.000
-0.007 0.042 0.000
0.022 0.042 0.000
0.051 0.042 0.000
0.080 0.042 0.000
0.109 0.042 0.000
0.138 0.042 0.000
0.167 0.042 0.000
0.196 0.042 0.000
0.225 0.042 0.000
0.254 0.042 0.000
0.283 0.042 0.000
0.312 0.042 0.000
0.341 0.042 0.000
0.370 0.042 0.000
0.399 0.042 0.000
0.428 0.042 0.000
0.457 0.042 0.000
0.486 0.042 0.000
0.515 0.042 0.000
0.544 0.042 0.000
0.573 0.042 0.000
0.602 0.042 0.000
0.632 0.042 0.000
0.661 0.042 0.000
0.690 0.042 0.000
0.719 0.042 0.000
0.748 0.042 0.000
0.777 0.042 0.000
0.806 0.042 0.000
0.835 0.042 0.000
0.864 0.042 0.000
0.893 0.042 0.000
0.922 0.042 0.000
0.951 0.042 0.000
0.980 0.042 0.000
1.009 0.042 0.000
1.038 0.042 0.000
1.067 0.042 0.000
1.096 0.042 0.000
1.125 0.042 0.000
-0.298 0.063 0.000
-0.269 0.063 0.000
-0.239 0.063 0.000
-0.210 0.063 0.000
-0.181 0.063 0.000
-0.152 0.063 0.000
-0.123 0.063 0.000
-0.094 0.063 0.000
-0.065 0.063 0.000
-0.036 0.063 0.000
-0.007 0.063 0.000
0.022 0.063 0.000
0.051 0.063 0.000
0.080 0.063 0.000
0.109 0.063 0.000
0.138 0.063 0.000
0.167 0.063 0.000
0.196 0.063 0.000
0.225 0.063 0.000
0.254 0.063 0.000
0.283 0.063 0.000
0.312 0.063 0.000
0.341 0.063 0.000
0.370 0.063 0.000
0.399 0.063 0.000
0.428 0.063 0.000
0.457 0.063 0.000
0.486 0.063 0.000
0.515 0.063 0.000
0.544 0.063 0.000
0.573 0.063 0.000
0.602 0.063 0.000
0.632 0.063 0.000
0.661 0.063 0.000
0.690 0.063 0.000
0.719 0.063 0.000
0.748 0.063 0.000
0.777 0.063 0.000
0.806 0.063 0.000
0.835 0.063 0.000
0.864 0.063 0.000
0.893 0.063 0.000
0.922 0.063 0.000
0.951 0.063 0.000
0.980 0.063 0.000
1.009 0.063 0.000
1.038 0.063 0.000
1.067 0.063 0.000
1.096 0.063 0.000
1.125 0.063 0.000
-0.298 0.084 0.000
-0.269 0.084 0.000
-0.239 0.084 0.000
-0.210 0.084 0.000
-0.181 0.084 0.000
-0.152 0.084 0.000
-0.123 0.084 0.000
-0.094 0.084 0.000
-0.065 0.084 0.000
-0.036 0.084 0.000
-0.007 0.084 0.000
0.022 0.084 0.000
0.051 0.084 0.000
0.080 0.084 0.000
0.109 0.084 0.000
0.138 0.084 0.000
0.167 0.084 0.000
0.196 0.084 0.000
0.225 0.084 0.000
0.254 0.084 0.000
0.283 0.084 0.000
0.312 0.084 0.000
0.341 0.084 0.000
0.370 0.084 0.000
0.399 0.084 0.000
0.428 0.084 0.000
0.457 0.084 0.000
0.486 0.084 0.000
0.515 0.084 0.000
0.544 0.084 0.000
0.573 0.084 0.000
0.602 0.084 0.000
0.632 0.084 0.000
0.661 0.084 0.000
0.690 0.084 0.000
0.719 0.084 0.000
0.748 0.084 0.000
0.777 0.084 0.000
0.806 0.084 0.000
0.835 0.084 0.000
0.864 0.084 0.000
0.893 0.084 0.000
0.922 0.084 0.000
0.951 0.084 0.000
0.980 0.084 0.000
1.009 0.084 0.000
1.038 0.084 0.000
1.067 0.084 0.000
1.096 0.084 0.000
1.125 0.084 0.000
-0.298 0.105 0.000
-0.269 0.105 0.000
-0.239 0.105 0.000
-0.210 0.105 0.000
-0.181 0.105 0.000
-0.152 0.105 0.000
-0.123 0.105 0.000
-0.094 0.105 0.000
-0.065 0.105 0.000
-0.036 0.105 0.000
-0.007 0.105 0.000
0.022 0.105 0.000
0.051 0.105 0.000
0.080 0.105 0.000
0.109 0.105 0.000
0.138 0.105 0.000
0.167 0.105 0.000
0.196 0.105 0.000
0.225 0.105 0.000
0.254 0.105 0.000
0.283 0.105 0.000
0.312 0.105 0.000
0.341 0.105 0.000
0.370 0.105 0.000
0.399 0.105 0.000
0.428 0.105 0.000
0.457 0.105 0.000
0.486 0.105 0.000
0.515 0.105 0.000
0.544 0.105 0.000
0.573 0.105 0.000
0.602 0.105 0.000
0.632 0.105 0.000
0.661 0.105 0.000
0.690 0.105 0.000
0.719 0.105 0.000
0.748 0.105 0.000
0.777 0.105 0.000
0.806 0.105 0.000
0.835 0.105 0.000
0.864 0.105 0.000
0.893 0.105 0.000
0.922 0.105 0.000
0.951 0.105 0.000
0.980 0.105 0.000
1.009 0.105 0.000
1.038 0.105 0.000
1.067 0.105 0.000
1.096 0.105 0.000
1.125 0.105 0.000
-0.298 0.126 0.000
-0.269 0.126 0.000
-0.239 0.126 0.000
-0.210 0.126 0.000
-0.181 0.126 0.000
-0.152 0.126 0.000
-0.123 0.126 0.000
-0.094 0.126 0.000
-0.065 0.126 0.000
-0.036 0.126 0.000
-0.007 0.126 0.000
0.022 0.126 0.000
0.051 0.126 0.000
0.080 0.126 0.000
0.109 0.126 0.000
0.138 0.126 0.000
0.167 0.126 0.000
0.196 0.126 0.000
0.225 0.126 0.000
0.254 0.126 0.000
0.283 0.126 0.000
0.312 0.126 0.000
0.341 0.126 0.000
0.370 0.126 0.000
0.399 0.126 0.000
0.428 0.126 0.000
0.457 0.126 0.000
0.486 0.126 0.000
0.515 0.126 0.000
0.544 0.126 0.000
0.573 0.126 0.000
0.602 0.126 0.000
0.632 0.126 0.000
0.661 0.126 0.000
0.690 0.126 0.000
0.719 0.126 0.000
0.748 0.126 0.000
0.777 0.126 0.000
0.806 0.126 0.000
0.835 0.126 0.000
0.864 0.126 0.000
0.893 0.126 0.000
0.922 0.126 0.000
0.951 0.126 0.000
0.980 0.126 0.000
1.009 0.126 0.000
1.038 0.126 0.000
1.067 0.126 0.000
1.096 0.126 0.000
1.125 0.126 0.000
-0.298 0.147 0.000
-0.269 0.147 0.000
-0.239 0.147 0.000
-0.210 0.147 0.000
-0.181 0.147 0.000
-0.152 0.147 0.000
-0.123 0.147 0.000
-0.094 0.147 0.000
-0.065 0.147 0.000
-0.036 0.147 0.000
-0.007 0.147 0.000
0.022 0.147 0.000
0.051 0.147 0.000
0.080 0.147 0.000
0.109 0.147 0.000
0.138 0.147 0.000
0.167 0.147 0.000
0.196 0.147 0.000
0.225 0.147 0.000
0.254 0.147 0.000
0.283 0.147 0.000
0.312 0.147 0.000
0.341 0.147 0.000
0.370 0.147 0.000
0.399 0.147 0.000
0.428 0.147 0.000
0.457 0.147 0.000
0.486 0.147 0.000
0.515 0.147 0.000
0.544 0.147 0.000
0.573 0.147 0.000
0.602 0.147 0.000
0.632 0.147 0.000
0.661 0.147 0.000
0.690 0.147 0.000
0.719 0.147 0.000
0.748 0.147 0.000
0.777 0.147 0.000
0.806 0.147 0.000
0.835 0.147 0.000
0.864 0.147 0.000
0.893 0.147 0.000
0.922 0.147 0.000
0.951 0.147 0.000
0.980 0.147 0.000
1.009 0.147 0.000
1.038 0.147 0.000
1.067 0.147 0.000
1.096 0.147 0.499
1.125 0.147 1.000
-0.298 0.168 0.000
-0.269 0.168 0.000
-0.239 0.168 0.000
-0.210 0.168 0.000
-0.181 0.168 0.000
-0.152 0.168 0.000
-0.123 0.168 0.000
-0.094 0.168 0.000
-0.065 0.168 0.000
-0.036 0.168 0.000
-0.007 0.168 0.000
0.022 0.168 0.000
0.051 0.168 0.000
0.080 0.168 0.000
0.109 0.168 0.000
0.138 0.168 0.000
0.167 0.168 0.000
0.196 0.168 0.000
0.225 0.168 0.000
0.254 0.168 0.000
0.283 0.168 0.000
0.312 0.168 0.000
0.341 0.168 0.000
0.370 0.168 0.000
0.399 0.168 0.000
0.428 0.168 0.000
0.457 0.168 0.000
0.486 0.168 0.000
0.515 0.168 0.000
0.544 0.168 0.000
0.573 0.168 0.000
0.602 0.168 0.000
0.632 0.168 0.000
0.661 0.168 0.000
0.690 0.168 0.000
0.719 0.168 0.000
0.748 0.168 0.000
0.777 0.168 0.000
0.806 0.168 0.000
0.835 0.168 0.000
0.864 0.168 0.000
0.893 0.168 0.000
0.922 0.168 0.000
0.951 0.168 0.000
0.980 0.168 0.000
1.009 0.168 0.000
1.038 0.168 0.000
1.067 0.168 1.000
1.096 0.168 1.000
1.125 0.168 1.000
-0.298 0.189 0.000
-0.269 0.189 0.000
-0.239 0.189 0.000
-0.210 0.189 0.000
-0.181 0.189 0.000
-0.152 0.189 0.000
-0.123 0.189 0.000
-0.094 0.189 0.000
-0.065 0.189 0.000
-0.036 0.189 0.000
-0.007 0.189 0.000
0.022 0.189 0.000
0.051 0.189 0.000
0.080 0.189 0.000
0.109 0.189 0.000
0.138 0.189 0.000
0.167 0.189 0.000
0.196 0.189 0.000
0.225 0.189 0.000
0.254 0.189 0.000
0.283 0.189 0.000
0.312 0.189 0.000
0.341 0.189 0.000
0.370 0.189 0.000
0.399 0.189 0.000
0.428 0.189 0.000
0.457 0.189 0.000
0.486 0.189 0.000
0.515 0.189 0.000
0.544 0.189 0.000
0.573 0.189 0.000
0.602 0.189 0.000
0.632 0.189 0.000
0.661 0.189 0.000
0.690 0.189 0.000
0.719 0.189 0.000
0.748 0.189 0.000
0.777 0.189 0.000
0.806 0.189 0.000
0.835 0.189 0.000
0.864 0.189 0.000
0.893 0.189 0.000
0.922 0.189 0.000
0.951 0.189 0.000
0.980 0.189 0.000
1.009 0.189 0.508
1.038 0.189 1.000
1.067 0.189 1.000
1.096 0.189 1.000
1.125 0.189 1.000
-0.298 0.211 0.000
-0.269 0.211 0.000
-0.239 0.211 0.000
-0.210 0.211 0.000
-0.181 0.211 0.000
-0.152 0.211 0.000
-0.123 0.211 0.000
-0.094 0.211 0.000
-0.065 0.211 0.000
-0.036 0.211 0.000
-0.007 0.211 0.000
0.022 0.211 0.000
0.051 0.211 0.000
0.080 0.211 0.000
0.109 0.211 0.000
0.138 0.211 0.000
0.167 0.211 0.000
0.196 0.211 0.000
0.225 0.211 0.000
0.254 0.211 0.000
0.283 0.211 0.000
0.312 0.211 0.000
0.341 0.211 0.000
0.370 0.211 0.000
0.399 0.211 0.000
0.428 0.211 0.000
0.457 0.211 0.000
0.486 0.211 0.000
0.515 0.211 0.000
0.544 0.211 0.000
0.573 0.211 0.000
0.602 0.211 0.000
0.632 0.211 0.000
0.661 0.211 0.000
0.690 0.211 0.000
0.719 0.211 0.000
0.748 0.211 0.000
0.777 0.211 0.000
0.806 0.211 0.000
0.835 0.211 0.000
0.864 0.211 0.000
0.893 0.211 0.000
0.922 0.211 0.000
0.951 0.211 0.506
0.980 0.211 1.000
1.009 0.211 1.000
1.038 0.211 1.000
1.067 0.211 1.000
1.096 0.211 1.000
1.125 0.211 1.000
-0.298 0.232 0.000
-0.269 0.232 0.000
-0.239 0.232 0.000
-0.210 0.232 0.000
-0.181 0.232 0.000
-0.152 0.232 0.000
-0.123 0.232 0.000
-0.094 0.232 0.000
-0.065 0.232 0.000
-0.036 0.232 0.000
-0.007 0.232 0.000
0.022 0.232 0.000
0.051 0.232 0.000
0.080 0.232 0.000
0.109 0.232 0.000
0.138 0.232 0.000
0.167 0.232 0.000
0.196 0.232 0.000
0.225 0.232 0.000
0.254 0.232 0.000
0.283 0.232 0.000
0.312 0.232 0.000
0.341 0.232 0.000
0.370 0.232 0.000
0.399 0.232 0.000
0.428 0.232 0.000
0.457 0.232 0.000
0.486 0.232 0.000
0.515 0.232 0.000
0.544 0.232 0.000
0.573 0.232 0.000
0.602 0.232 0.000
0.632 0.232 0.000
0.661 0.232 0.000
0.690 0.232 0.000
0.719 0.232 0.000
0.748 0.232 0.000
0.777 0.232 0.000
0.806 0.232 0.000
0.835 0.232 0.000
0.864 0.232 0.000
0.893 0.232 0.503
0.922 0.232 1.000
0.951 0.232 1.000
0.980 0.232 1.000
1.009 0.232 1.000
1.038 0.232 1.000
1.067 0.232 1.000
1.096 0.232 1.000
1.125 0.232 1.000
-0.298 0.253 0.000
-0.269 0.253 0.000
-0.239 0.253 0.000
-0.210 0.253 0.000
-0.181 0.253 0.000
-0.152 0.253 0.000
-0.123 0.253 0.000
-0.094 0.253 0.000
-0.065 0.253 0.000
-0.036 0.253 0.000
-0.007 0.253 0.000
0.022 0.253 0.000
0.051 0.253 0.000
0.080 0.253 0.000
0.109 0.253 0.000
0.138 0.253 0.000
0.167 0.253 0.000
0.196 0.253 0.000
0.225 0.253 0.000
0.254 0.253 0.000
0.283 0.253 0.000
0.312 0.253 0.000
0.341 0.253 0.000
0.370 0.253 0.000
0.399 0.253 0.000
0.428 0.253 0.000
0.457 0.253 0.000
0.486 0.253 0.000
0.515 0.253 0.000
0.544 0.253 0.000
0.573 0.253 0.000
0.602 0.253 0.000
0.632 0.253 0.000
0.661 0.253 0.000
0.690 0.253 0.000
0.719 0.253 0.000
0.748 0.253 0.000
0.777 0.253 0.000
0.806 0.253 0.000
0.835 0.253 0.500
0.864 0.253 1.000
0.893 0.253 1.000
0.922 0.253 1.000
0.951 0.253 1.000
0.980 0.253 1.000
1.009 0.253 1.000
1.038 0.253 1.000
1.067 0.253 1.000
1.096 0.253 1.000
1.125 0.253 1.000
-0.298 0.274 0.000
-0.269 0.274 0.000
-0.239 0.274 0.000
-0.210 0.274 0.000
-0.181 0.274 0.000
-0.152 0.274 0.000
-0.123 0.274 0.000
-0.094 0.274 0.000
-0.065 0.274 0.000
-0.036 0.274 0.000
-0.007 0.274 0.000
0.022 0.274 0.000
0.051 0.274 0.000
0.080 0.274 0.000
0.109 0.274 0.000
0.138 0.274 0.000
0.167 0.274 0.000
0.196 0.274 0.000
0.225 0.274 0.000
0.254 0.274 0.000
0.283 0.274 0.000
0.312 0.274 0.000
0.341 0.274 0.000
0.370 0.274 0.000
0.399 0.274 0.000
0.428 0.274 0.000
0.457 0.274 0.000
0.486 0.274 0.000
0.515 0.274 0.000
0.544 0.274 0.000
0.573 0.274 0.000
0.602 0.274 0.000
0.632 0.274 0.000
0.661 0.274 0.000
0.690 0.274 0.000
0.719 0.274 0.000
0.748 0.274 0.000
0.777 0.274 0.000
0.806 0.274 1.000
0.835 0.274 1.000
0.864 0.274 1.000
0.893 0.274 1.000
0.922 0.274 1.000
0.951 0.274 1.000
0.980 0.274 1.000
1.009 0.274 1.000
1.038 0.274 1.000
1.067 0.274 1.000
1.096 0.274 1.000
1.125 0.274 1.000
-0.298 0.295 0.000
-0.269 0.295 0.000
-0.239 0.295 0.000
-0.210 0.295 0.000
-0.181 0.295 0.000
-0.152 0.295 0.000
-0.123 0.295 0.000
-0.094 0.295 0.000
-0.065 0.295 0.000
-0.036 0.295 0.000
-0.007 0.295 0.000
0.022 0.295 0.000
0.051 0.295 0.000
0.080 0.295 0.000
0.109 0.295 0.000
0.138 0.295 0.000
0.167 0.295 0.000
0.196 0.295 0.000
0.225 0.295 0.000
0.254 0.295 0.000
0.283 0.295 0.000
0.312 0.295 0.000
0.341 0.295 0.000
0.370 0.295 0.000
0.399 0.295 0.000
0.428 0.295 0.000
0.457 0.295 0.000
0.486 0.295 0.000
0.515 0.295 0.000
0.544 0.295 0.000
0.573 0.295 0.000
0.602 0.295 0.000
0.632 0.295 0.000
0.661 0.295 0.000
0.690 0.295 0.000
0.719 0.295 0.000
0.748 0.295 0.509
0.777 0.295 1.000
0.806 0.295 1.000
0.835 0.295 1.000
0.864 0.295 1.000
0.893 0.295 1.000
0.922 0.295 1.000
0.951 0.295 1.000
0.980 0.295 1.000
1.009 0.295 1.000
1.038 0.295 1.000
1.067 0.295 1.000
1.096 0.295 1.000
1.125 0.295 1.000
-0.298 0.316 0.000
-0.269 0.316 0.000
-0.239 0.316 0.000
-0.210 0.316 0.000
-0.181 0.316 0.000
-0.152 0.316 0.000
-0.123 0.316 0.000
-0.094 0.316 0.000
-0.065 0.316 0.000
-0.036 0.316 0.000
-0.007 0.316 0.000
0.022 0.316 0.000
0.051 0.316 0.000
0.080 0.316 0.000
0.109 0.316 0.000
0.138 0.316 0.000
0.167 0.316 0.000
0.196 0.316 0.000
0.225 0.316 0.000
0.254 0.316 0.000
0.283 0.316 0.000
0.312 0.316 0.000
0.341 0.316 0.000
0.370 0.316 0.000
0.399 0.316 0.000
0.428 0.316 0.000
0.457 0.316 0.000
0.486 0.316 0.000
0.515 0.316 0.000
0.544 0.316 0.000
0.573 0.316 0.000
0.602 0.316 0.000
0.632 0.316 0.000
0.661 0.316 0.000
0.690 0.316 0.506
0.719 0.316 1.000
0.748 0.316 1.000
0.777 0.316 1.000
0.806 0.316 1.000
0.835 0.316 1.000
0.864 0.316 1.000
0.893 0.316 1.000
0.922 0.316 1.000
0.951 0.316 1.000
0.980 0.316 1.000
1.009 0.316 1.000
1.038 0.316 1.000
1.067 0.316 1.000
1.096 0.316 1.000
1.125 0.316 1.000
-0.298 0.337 0.000
-0.269 0.337 0.000
-0.239 0.337 0.000
-0.210 0.337 0.000
-0.181 0.337 0.000
-0.152 0.337 0.000
-0.123 0.337 0.000
-0.094 0.337 0.000
-0.065 0.337 0.000
-0.036 0.337 0.000
-0.007 0.337 0.000
0.022 0.337 0.000
0.051 0.337 0.000
0.080 0.337 0.000
0.109 0.337 0.000
0.138 0.337 0.000
0.167 0.337 0.000
0.196 0.337 0.000
0.225 0.337 0.000
0.254 0.337 0.000
0.283 0.337 0.000
0.312 0.337 0.000
0.341 0.337 0.000
0.370 0.337 0.000
0.399 0.337 0.000
0.428 0.337 0.000
0.457 0.337 0.000
0.486 0.337 0.000
0.515 0.337 0.000
0.544 0.337 0.000
0.573 0.337 0.000
0.602 0.337 0.000
0.632 0.337 0.503
0.661 0.337 1.000
0.690 0.337 1.000
0.719 0.337 1.000
0.748 0.337 1.000
0.777 0.337 1.000
0.806 0.337 1.000
0.835 0.337 1.000
0.864 0.337 1.000
0.893 0.337 1.000
0.922 0.337 1.000
0.951 0.337 1.000
0.980 0.337 1.000
1.009 0.337 1.000
1.038 0.337 1.000
1.067 0.337 1.000
1.096 0.337 1.000
1.125 0.337 1.000
-0.298 0.358 0.000
-0.269 0.358 0.000
-0.239 0.358 0.000
-0.210 0.358 0.000
-0.181 0.358 0.000
-0.152 0.358 0.000
-0.123 0.358 0.000
-0.094 0.358 0.000
-0.065 0.358 0.000
-0.036 0.358 0.000
-0.007 0.358 0.000
0.022 0.358 0.000
0.051 0.358 0.000
0.080 0.358 0.000
0.109 0.358 0.000
0.138 0.358 0.000
0.167 0.358 0.000
0.196 0.358 0.000
0.225 0.358 0.000
0.254 0.358 0.000
0.283 0.358 0.000
0.312 0.358 0.000
0.341 0.358 0.000
0.370 0.358 0.000
0.399 0.358 0.000
0.428 0.358 0.000
0.457 0.358 0.000
0.486 0.358 0.000
0.515 0.358 0.000
0.544 0.358 0.000
0.573 0.358 0.500
0.602 0.358 1.000
0.632 0.358 1.000
0.661 0.358 1.000
0.690 0.358 1.000
0.719 0.358 1.000
0.748 0.358 1.000
0.777 0.358 1.000
0.806 0.358 1.000
0.835 0.358 1.000
0.864 0.358 1.000
0.893 0.358 1.000
0.922 0.358 1.000
0.951 0.358 1.000
0.980 0.358 1.000
1.009 0.358 1.000
1.038 0.358 1.000
1.067 0.358 1.000
1.096 0.358 1.000
1.125 0.358 1.000
-0.298 0.379 0.000
-0.269 0.379 0.000
-0.239 0.379 0.000
-0.210 0.379 0.000
-0.181 0.379 0.000
-0.152 0.379 0.000
-0.123 0.379 0.000
-0.094 0.379 0.000
-0.065 0.379 0.000
-0.036 0.379 0.000
-0.007 0.379 0.000
0.022 0.379 0.000
0.051 0.379 0.000
0.080 0.379 0.000
0.109 0.379 0.000
0.138 0.379 0.000
0.167 0.379 0.000
0.196 0.379 0.000
0.225 0.379 0.000
0.254 0.379 0.000
0.283 0.379 0.000
0.312 0.379 0.000
0.341 0.379 0.000
0.370 0.379 0.000
0.399 0.379 0.000
0.428 0.379 0.000
0.457 0.379 0.000
0.486 0.379 0.000
0.515 0.379 0.000
0.544 0.379 1.000
0.573 0.379 1.000
0.602 0.379 1.000
0.632 0.379 1.000
0.661 0.379 1.000
0.690 0.379 1.000
0.719 0.379 1.000
0.748 0.379 1.000
0.777 0.379 1.000
0.806 0.379 1.000
0.835 0.379 1.000
0.864 0.379 1.000
0.893 0.379 1.000
0.922 0.379 1.000
0.951 0.379 1.000
0.980 0.379 1.000
1.009 0.379 1.000
1.038 0.379 1.000
1.067 0.379 1.000
1.096 0.379 1.000
1.125 0.379 1.000
-0.298 0.401 0.000
-0.269 0.401 0.000
-0.239 0.401 0.000
-0.210 0.401 0.000
-0.181 0.401 0.000
-0.152 0.401 0.000
-0.123 0.401 0.000
-0.094 0.401 0.000
-0.065 0.401 0.000
-0.036 0.401 0.000
-0.007 0.401 0.000
0.022 0.401 0.000
0.051 0.401 0.000
0.080 0.401 0.000
0.109 0.401 0.000
0.138 0.401 0.000
0.167 0.401 0.000
0.196 0.401 0.000
0.225 0.401 0.000
0.254 0.401 0.000
0.283 0.401 0.000
0.312 0.401 0.000
0.341 0.401 0.000
0.370 0.401 0.000
0.399 0.401 0.000
0.428 0.401 0.000
0.457 0.401 0.000
0.486 0.401 1.000
0.515 0.401 1.000
0.544 0.401 1.000
0.573 0.401 1.000
0.602 0.401 1.000
0.632 0.401 1.000
0.661 0.401 1.000
0.690 0.401 1.000
0.719 0.401 1.000
0.748 0.401 1.000
0.777 0.401 1.000
0.806 0.401 1.000
0.835 0.401 1.000
0.864 0.401 1.000
0.893 0.401 1.000
0.922 0.401 1.000
0.951 0.401 1.000
0.980 0.401 1.000
1.009 0.401 1.000
1.038 0.401 1.000
1.067 0.401 1.000
1.096 0.401 1.000
1.125 0.401 1.000
-0.298 0.422 0.000
-0.269 0.422 0.000
-0.239 0.422 0.000
-0.210 0.422 0.000
-0.181 0.422 0.000
-0.152 0.422 0.000
-0.123 0.422 0.000
-0.094 0.422 0.000
-0.065 0.422 0.000
-0.036 0.422 0.000
-0.007 0.422 0.000
0.022 0.422 0.000
0.051 0.422 0.000
0.080 0.422 0.000
0.109 0.422 0.000
0.138 0.422 0.000
0.167 0.422 0.000
0.196 0.422 0.000
0.225 0.422 0.000
0.254 0.422 0.000
0.283 0.422 0.000
0.312 0.422 0.000
0.341 0.422 0.000
0.370 0.422 0.000
0.399 0.422 0.000
0.428 0.422 0.506
0.457 0.422 1.000
0.486 0.422 1.000
0.515 0.422 1.000
0.544 0.422 1.000
0.573 0.422 1.000
0.602 0.422 1.000
0.632 0.422 1.000
0.661 0.422 1.000
0.690 0.422 1.000
0.719 0.422 1.000
0.748 0.422 1.000
0.777 0.422 1.000
0.806 0.422 1.000
0.835 0.422 1.000
0.864 0.422 1.000
0.893 0.422 1.000
0.922 0.422 1.000
0.951 0.422 1.000
0.980 0.422 1.000
1.009 0.422 1.000
1.038 0.422 1.000
1.067 0.422 1.000
1.096 0.422 1.000
1.125 0.422 1.000
-0.298 0.443 0.000
-0.269 0.443 0.000
-0.239 0.443 0.000
-0.210 0.443 0.000
-0.181 0.443 0.000
-0.152 0.443 0.000
-0.123 0.443 0.000
-0.094 0.443 0.000
-0.065 0.443 0.000
-0.036 0.443 0.000
-0.007 0.443 0.000
0.022 0.443 0.000
0.051 0.443 0.000
0.080 0.443 0.000
0.109 0.443 0.000
0.138 0.443 0.000
0.167 0.443 0.000
0.196 0.443 0.000
0.225 0.443 0.000
0.254 0.443 0.000
0.283 0.443 0.000
0.312 0.443 0.000
0.341 0.443 0.000
0.370 0.443 0.503
0.399 0.443 1.000
0.428 0.443 1.000
0.457 0.443 1.000
0.486 0.443 1.000
0.515 0.443 1.000
0.544 0.443 1.000
0.573 0.443 1.000
0.602 0.443 1.000
0.632 0.443 1.000
0.661 0.443 1.000
0.690 0.443 1.000
0.719 0.443 1.000
0.748 0.443 1.000
0.777 0.443 1.000
0.806 0.443 1.000
0.835 0.443 1.000
0.864 0.443 1.000
0.893 0.443 1.000
0.922 0.443 1.000
0.951 0.443 1.000
0.980 0.443 1.000
1.009 0.443 1.000
1.038 0.443 1.000
1.067 0.443 1.000
1.096 0.443 1.000
1.125 0.443 1.000
-0.298 0.464 0.000
-0.269 0.464 0.000
-0.239 0.464 0.000
-0.210 0.464 0.000
-0.181 0.464 0.000
-0.152 0.464 0.000
-0.123 0.464 0.000
-0.094 0.464 0.000
-0.065 0.464 0.000
-0.036 0.464 0.000
-0.007 0.464 0.000
0.022 0.464 0.000
0.051 0.464 0.000
0.080 0.464 0.000
0.109 0.464 0.000
0.138 0.464 0.000
0.167 0.464 0.000
0.196 0.464 0.000
0.225 0.464 0.000
0.254 0.464 0.000
0.283 0.464 0.000
0.312 0.464 0.500
0.341 0.464 1.000
0.370 0.464 1.000
0.399 0.464 1.000
0.428 0.464 1.000
0.457 0.464 1.000
0.486 0.464 1.000
0.515 0.464 1.000
0.544 0.464 1.000
0.573 0.464 1.000
0.602 0.464 1.000
0.632 0.464 1.000
0.661 0.464 1.000
0.690 0.464 1.000
0.719 0.464 1.000
0.748 0.464 1.000
0.777 0.464 1.000
0.806 0.464 1.000
0.835 0.464 1.000
0.864 0.464 1.000
0.893 0.464 1.000
0.922 0.464 1.000
0.951 0.464 1.000
0.980 0.464 1.000
1.009 0.464 1.000
1.038 0.464 1.000
1.067 0.464 1.000
1.096 0.464 1.000
1.125 0.464 1.000
-0.298 0.485 0.000
-0.269 0.485 0.000
-0.239 0.485 0.000
-0.210 0.485 0.000
-0.181 0.485 0.000
-0.152 0.485 0.000
-0.123 0.485 0.000
-0.094 0.485 0.000
-0.065 0.485 0.000
-0.036 0.485 0.000
-0.007 0.485 0.000
0.022 0.485 0.000
0.051 0.485 0.000
0.080 0.485 0.000
0.109 0.485 0.000
0.138 0.485 0.000
0.167 0.485 0.000
0.196 0.485 0.000
0.225 0.485 0.000
0.254 0.485 0.000
0.283 0.485 1.000
0.312 0.485 1.000
0.341 0.485 1.000
0.370 0.485 1.000
0.399 0.485 1.000
0.428 0.485 1.000
0.457 0.485 1.000
0.486 0.485 1.000
0.515 0.485 1.000
0.544 0.485 1.000
0.573 0.485 1.000
0.602 0.485 1.000
0.632 0.485 1.000
0.661 0.485 1.000
0.690 0.485 1.000
0.719 0.485 1.000
0.748 0.485 1.000
0.777 0.485 1.000
0.806 0.485 1.000
0.835 0.485 1.000
0.864 0.485 1.000
0.893 0.485 1.000
0.922 0.485 1.000
0.951 0.485 1.000
0.980 0.485 1.000
1.009 0.485 1.000
1.038 0.485 1.000
1.067 0.485 1.000
1.096 0.485 1.000
1.125 0.485 1.000
-0.298 0.506 0.000
-0.269 0.506 0.000
-0.239 0.506 0.000
-0.210 0.506 0.000
-0.181 0.506 0.000
-0.152 0.506 0.000
-0.123 0.506 0.000
-0.094 0.506 0.000
-0.065 0.506 0.000
-0.036 0.506 0.000
-0.007 0.506 0.000
0.022 0.506 0.000
0.051 0.506 0.000
0.080 0.506 0.000
0.109 0.506 0.000
0.138 0.506 0.000
0.167 0.506 0.000
0.196 0.506 0.000
0.225 0.506 1.000
0.254 0.506 1.000
0.283 0.506 1.000
0.312 0.506 1.000
0.341 0.506 1.000
0.370 0.506 1.000
0.399 0.506 1.000
0.428 0.506 1.000
0.457 0.506 1.000
0.486 0.506 1.000
0.515 0.506 1.000
0.544 0.506 1.000
0.573 0.506 1.000
0.602 0.506 1.000
0.632 0.506 1.000
0.661 0.506 1.000
0.690 0.506 1.000
0.719 0.506 1.000
0.748 0.506 1.000
0.777 0.506 1.000
0.806 0.506 1.000
0.835 0.506 1.000
0.864 0.506 1.000
0.893 0.506 1.000
0.922 0.506 1.000
0.951 0.506 1.000
0.980 0.506 1.000
1.009 0.506 1.000
1.038 0.506 1.000
1.067 0.506 1.000
1.096 0.506 1.000
1.125 0.506 1.000
-0.298 0.527 0.000
-0.269 0.527 0.000
-0.239 0.527 0.000
-0.210 0.527 0.000
-0.181 0.527 0.000
-0.152 0.527 0.000
-0.123 0.527 0.000
-0.094 0.527 0.000
-0.065 0.527 0.000
-0.036 0.527 0.000
-0.007 0.527 0.000
0.022 0.527 0.000
0.051 0.527 0.000
0.080 0.527 0.000
0.109 0.527 0.000
0.138 0.527 0.000
0.167 0.527 0.506
0.196 0.527 1.000
0.225 0.527 1.000
0.254 0.527 1.000
0.283 0.527 1.000
0.312 0.527 1.000
0.341 0.527 1.000
0.370 0.527 1.000
0.399 0.527 1.000
0.428 0.527 1.000
0.457 0.527 1.000
0.486 0.527 1.000
0.515 0.527 1.000
0.544 0.527 1.000
0.573 0.527 1.000
0.602 0.527 1.000
0.632 0.527 1.000
0.661 0.527 1.000
0.690 0.527 1.000
0.719 0.527 1.000
0.748 0.527 1.000
0.777 0.527 1.000
0.806 0.527 1.000
0.835 0.527 1.000
0.864 0.527 1.000
0.893 0.527 1.000
0.922 0.527 1.000
0.951 0.527 1.000
0.980 0.527 1.000
1.009 0.527 1.000
1.038 0.527 1.000
1.067 0.527 1.000
1.096 0.527 1.000
1.125 0.527 1.000
-0.298 0.548 0.000
-0.269 0.548 0.000
-0.239 0.548 0.000
-0.210 0.548 0.000
-0.181 0.548 0.000
-0.152 0.548 0.000
-0.123 0.548 0.000
-0.094 0.548 0.000
-0.065 0.548 0.000
-0.036 0.548 0.000
-0.007 0.548 0.000
0.022 0.548 0.000
0.051 0.548 0.000
0.080 0.548 0.000
0.109 0.548 0.504
0.138 0.548 1.000
0.167 0.548 1.000
0.196 0.548 1.000
0.225 0.548 1.000
0.254 0.548 1.000
0.283 0.548 1.000
0.312 0.548 1.000
0.341 0.548 1.000
0.370 0.548 1.000
0.399 0.548 1.000
0.428 0.548 1.000
0.457 0.548 1.000
0.486 0.548 1.000
0.515 0.548 1.000
0.544 0.548 1.000
0.573 0.548 1.000
0.602 0.548 1.000
0.632 0.548 1.000
0.661 0.548 1.000
0.690 0.548 1.000
0.719 0.548 1.000
0.748 0.548 1.000
0.777 0.548 1.000
0.806 0.548 1.000
0.835 0.548 1.000
0.864 0.548 1.000
0.893 0.548 1.000
0.922 0.548 1.000
0.951 0.548 1.000
0.980 0.548 1.000
1.009 0.548 1.000
1.038 0.548 1.000
1.067 0.548 1.000
1.096 0.548 1.000
1.125 0.548 1.000
-0.298 0.569 0.000
-0.269 0.569 0.000
-0.239 0.569 0.000
-0.210 0.569 0.000
-0.181 0.569 0.000
-0.152 0.569 0.000
-0.123 0.569 0.000
-0.094 0.569 0.000
-0.065 0.569 0.000
-0.036 0.569 0.000
-0.007 0.569 0.000
0.022 0.569 0.000
0.051 0.569 0.501
0.080 0.569 1.000
0.109 0.569 1.000
0.138 0.569 1.000
0.167 0.569 1.000
0.196 0.569 1.000
0.225 0.569 1.000
0.254 0.569 1.000
0.283 0.569 1.000
0.312 0.569 1.000
0.341 0.569 1.000
0.370 0.569 1.000
0.399 0.569 1.000
0.428 0.569 1.000
0.457 0.569 1.000
0.486 0.569 1.000
0.515 0.569 1.000
0.544 0.569 1.000
0.573 0.569 1.000
0.602 0.569 1.000
0.632 0.569 1.000
0.661 0.569 1.000
0.690 0.569 1.000
0.719 0.569 1.000
0.748 0.569 1.000
0.777 0.569 1.000
0.806 0.569 1.000
0.835 0.569 1.000
0.864 0.569 1.000
0.893 0.569 1.000
0.922 0.569 1.000
0.951 0.569 1.000
0.980 0.569 1.000
1.009 0.569 1.000
1.038 0.569 1.000
1.067 0.569 1.000
1.096 0.569 1.000
1.125 0.569 1.000
-0.298 0.591 0.000
-0.269 0.591 0.000
-0.239 0.591 0.000
-0.210 0.591 0.000
-0.181 0.591 0.000
-0.152 0.591 0.000
-0.123 0.591 0.000
-0.094 0.591 0.000
-0.065 0.591 0.000
-0.036 0.591 0.000
-0.007 0.591 0.000
0.022 0.591 1.000
0.051 0.591 1.000
0.080 0.591 1.000
0.109 0.591 1.000
0.138 0.591 1.000
0.167 0.591 1.000
0.196 0.591 1.000
0.225 0.591 1.000
0.254 0.591 1.000
0.283 0.591 1.000
0.312 0.591 1.000
0.341 0.591 1.000
0.370 0.591 1.000
0.399 0.591 1.000
0.428 0.591 1.000
0.457 0.591 1.000
0.486 0.591 1.000
0.515 0.591 1.000
0.544 0.591 1.000
0.573 0.591 1.000
0.602 0.591 1.000
0.632 0.591 1.000
0.661 0.591 1.000
0.690 0.591 1.000
0.719 0.591 1.000
0.748 0.591 1.000
0.777 0.591 1.000
0.806 0.591 1.000
0.835 0.591 1.000
0.864 0.591 1.000
0.893 0.591 1.000
0.922 0.591 1.000
0.951 0.591 1.000
0.980 0.591 1.000
1.009 0.591 1.000
1.038 0.591 1.000
1.067 0.591 1.000
1.096 0.591 1.000
1.125 0.591 1.000
-0.298 0.612 0.000
-0.269 0.612 0.000
-0.239 0.612 0.000
-0.210 0.612 0.000
-0.181 0.612 0.000
-0.152 0.612 0.000
-0.123 0.612 0.000
-0.094 0.612 0.000
-0.065 0.612 0.000
-0.036 0.612 1.000
-0.007 0.612 1.000
0.022 0.612 1.000
0.051 0.612 1.000
0.080 0.612 1.000
0.109 0.612 1.000
0.138 0.612 1.000
0.167 0.612 1.000
0.196 0.612 1.000
0.225 0.612 1.000
0.254 0.612 1.000
0.283 0.612 1.000
0.312 0.612 1.000
0.341 0.612 1.000
0.370 0.612 1.000
0.399 0.612 1.000
0.428 0.612 1.000
0.457 0.612 1.000
0.486 0.612 1.000
0.515 0.612 1.000
0.544 0.612 1.000
0.573 0.612 1.000
0.602 0.612 1.000
0.632 0.612 1.000
0.661 0.612 1.000
0.690 0.612 1.000
0.719 0.612 1.000
0.748 0.612 1.000
0.777 0.612 1.000
0.806 0.612 1.000
0.835 0.612 1.000
0.864 0.612 1.000
0.893 0.612 1.000
0.922 0.612 1.000
0.951 0.612 1.000
0.980 0.612 1.000
1.009 0.612 1.000
1.038 0.612 1.000
1.067 0.612 1.000
1.096 0.612 1.000
1.125 0.612 1.000
-0.298 0.633 0.000
-0.269 0.633 0.000
-0.239 0.633 0.000
-0.210 0.633 0.000
-0.181 0.633 0.000
-0.152 0.633 0.000
-0.123 0.633 0.000
-0.094 0.633 0.507
-0.065 0.633 1.000
-0.036 0.633 1.000
-0.007 0.633 1.000
0.022 0.633 1.000
0.051 0.633 1.000
0.080 0.633 1.000
0.109 0.633 1.000
0.138 0.633 1.000
0.167 0.633 1.000
0.196 0.633 1.000
0.225 0.633 1.000
0.254 0.633 1.000
0.283 0.633 1.000
0.312 0.633 1.000
0.341 0.633 1.000
0.370 0.633 1.000
0.399 0.633 1.000
0.428 0.633 1.000
0.457 0.633 1.000
0.486 0.633 1.000
0.515 0.633 1.000
0.544 0.633 1.000
0.573 0.633 1.000
0.602 0.633 1.000
0.632 0.633 1.000
0.661 0.633 1.000
0.690 0.633 1.000
0.719 0.633 1.000
0.748 0.633 1.000
0.777 0.633 1.000
0.806 0.633 1.000
0.835 0.633 1.000
0.864 0.633 1.000
0.893 0.633 1.000
0.922 0.633 1.000
0.951 0.633 1.000
0.980 0.633 1.000
1.009 0.633 1.000
1.038 0.633 1.000
1.067 0.633 1.000
1.096 0.633 1.000
1.125 0.633 1.000
-0.298 0.654 0.000
-0.269 0.654 0.000
-0.239 0.654 0.000
-0.210 0.654 0.000
-0.181 0.654 0.000
-0.152 0.654 0.504
-0.123 0.654 1.000
-0.094 0.654 1.000
-0.065 0.654 1.000
-0.036 0.654 1.000
-0.007 0.654 1.000
0.022 0.654 1.000
0.051 0.654 1.000
0.080 0.654 1.000
0.109 0.654 1.000
0.138 0.654 1.000
0.167 0.654 1.000
0.196 0.654 1.000
0.225 0.654 1.000
0.254 0.654 1.000
0.283 0.654 1.000
0.312 0.654 1.000
0.341 0.654 1.000
0.370 0.654 1.000
0.399 0.654 1.000
0.428 0.654 1.000
0.457 0.654 1.000
0.486 0.654 1.000
0.515 0.654 1.000
0.544 0.654 1.000
0.573 0.654 1.000
0.602 0.654 1.000
0.632 0.654 1.000
0.661 0.654 1.000
0.690 0.654 1.000
0.719 0.654 1.000
0.748 0.654 1.000
0.777 0.654 1.000
0.806 0.654 1.000
0.835 0.654 1.000
0.864 0.654 1.000
0.893 0.654 1.000
0.922 0.654 1.000
0.951 0.654 1.000
0.980 0.654 1.000
1.009 0.654 1.000
1.038 0.654 1.000
1.067 0.654 1.000
1.096 0.654 1.000
1.125 0.654 1.000
-0.298 0.675 0.000
-0.269 0.675 0.000
-0.239 0.675 0.000
-0.210 0.675 0.501
-0.181 0.675 1.000
-0.152 0.675 1.000
-0.123 0.675 1.000
-0.094 0.675 1.000
-0.065 0.675 1.000
-0.036 0.675 1.000
-0.007 0.675 1.000
0.022 0.675 1.000
0.051 0.675 1.000
0.080 0.675 1.000
0.109 0.675 1.000
0.138 0.675 1.000
0.167 0.675 1.000
0.196 0.675 1.000
0.225 0.675 1.000
0.254 0.675 1.000
0.283 0.675 1.000
0.312 0.675 1.000
0.341 0.675 1.000
0.370 0.675 1.000
0.399 0.675 1.000
0.428 0.675 1.000
0.457 0.675 1.000
0.486 0.675 1.000
0.515 0.675 1.000
0.544 0.675 1.000
0.573 0.675 1.000
0.602 0.675 1.000
0.632 0.675 1.000
0.661 0.675 1.000
0.690 0.675 1.000
0.719 0.675 1.000
0.748 0.675 1.000
0.777 0.675 1.000
0.806 0.675 1.000
0.835 0.675 1.000
0.864 0.675 1.000
0.893 0.675 1.000
0.922 0.675 1.000
0.951 0.675 1.000
0.980 0.675 1.000
1.009 0.675 1.000
1.038 0.675 1.000
1.067 0.675 1.000
1.096 0.675 1.000
1.125 0.675 1.000
-0.298 0.696 0.000
-0.269 0.696 1.000
-0.239 0.696 1.000
-0.210 0.696 1.000
-0.181 0.696 1.000
-0.152 0.696 1.000
-0.123 0.696 1.000
-0.094 0.696 1.000
-0.065 0.696 1.000
-0.036 0.696 1.000
-0.007 0.696 1.000
0.022 0.696 1.000
0.051 0.696 1.000
0.080 0.696 1.000
0.109 0.696 1.000
0.138 0.696 1.000
0.167 0.696 1.000
0.196 0.696 1.000
0.225 0.696 1.000
0.254 0.696 1.000
0.283 0.696 1.000
0.312 0.696 1.000
0.341 0.696 1.000
0.370 0.696 1.000
0.399 0.696 1.000
0.428 0.696 1.000
0.457 0.696 1.000
0.486 0.696 1.000
0.515 0.696 1.000
0.544 0.696 1.000
0.573 0.696 1.000
0.602 0.696 1.000
0.632 0.696 1.000
0.661 0.696 1.000
0.690 0.696 1.000
0.719 0.696 1.000
0.748 0.696 1.000
0.777 0.696 1.000
0.806 0.696 1.000
0.835 0.696 1.000
0.864 0.696 1.000
0.893 0.696 1.000
0.922 0.696 1.000
0.951 0.696 1.000
0.980 0.696 1.000
1.009 0.696 1.000
1.038 0.696 1.000
1.067 0.696 1.000
1.096 0.696 1.000
1.125 0.696 1.000
-0.298 0.717 1.000
-0.269 0.717 1.000
-0.239 0.717 1.000
-0.210 0.717 1.000
-0.181 0.717 1.000
-0.152 0.717 1.000
-0.123 0.717 1.000
-0.094 0.717 1.000
-0.065 0.717 1.000
-0.036 0.717 1.000
-0.007 0.717 1.000
0.022 0.717 1.000
0.051 0.717 1.000
0.080 0.717 1.000
0.109 0.717 1.000
0.138 0.717 1.000
0.167 0.717 1.000
0.196 0.717 1.000
0.225 0.717 1.000
0.254 0.717 1.000
0.283 0.717 1.000
0.312 0.717 1.000
0.341 0.717 1.000
0.370 0.717 1.000
0.399 0.717 1.000
0.428 0.717 1.000
0.457 0.717 1.000
0.486 0.717 1.000
0.515 0.717 1.000
0.544 0.717 1.000
0.573 0.717 1.000
0.602 0.717 1.000
0.632 0.717 1.000
0.661 0.717 1.000
0.690 0.717 1.000
0.719 0.717 1.000
0.748 0.717 1.000
0.777 0.717 1.000
0.806 0.717 1.000
0.835 0.717 1.000
0.864 0.717 1.000
0.893 0.717 1.000
0.922 0.717 1.000
0.951 0.717 1.000
0.980 0.717 1.000
1.009 0.717 1.000
1.038 0.717 1.000
1.067 0.717 1.000
1.096 0.717 1.000
1.125 0.717 1.000
-0.298 0.738 1.000
-0.269 0.738 1.000
-0.239 0.738 1.000
-0.210 0.738 1.000
-0.181 0.738 1.000
-0.152 0.738 1.000
-0.123 0.738 1.000
-0.094 0.738 1.000
-0.065 0.738 1.000
-0.036 0.738 1.000
-0.007 0.738 1.000
0.022 0.738 1.000
0.051 0.738 1.000
0.080 0.738 1.000
0.109 0.738 1.000
0.138 0.738 1.000
0.167 0.738 1.000
0.196 0.738 1.000
0.225 0.738 1.000
0.254 0.738 1.000
0.283 0.738 1.000
0.312 0.738 1.000
0.341 0.738 1.000
0.370 0.738 1.000
0.399 0.738 1.000
0.428 0.738 1.000
0.457 0.738 1.000
0.486 0.738 1.000
0.515 0.738 1.000
0.544 0.738 1.000
0.573 0.738 1.000
0.602 0.738 1.000
0.632 0.738 1.000
0.661 0.738 1.000
0.690 0.738 1.000
0.719 0.738 1.000
0.748 0.738 1.000
0.777 0.738 1.000
0.806 0.738 1.000
0.835 0.738 1.000
0.864 0.738 1.000
0.893 0.738 1.000
0.922 0.738 1.000
0.951 0.738 1.000
0.980 0.738 1.000
1.009 0.738 1.000
1.038 0.738 1.000
1.067 0.738 1.000
1.096 0.738 1.000
1.125 0.738 1.000
-0.298 0.759 1.000
-0.269 0.759 1.000
-0.239 0.759 1.000
-0.210 0.759 1.000
-0.181 0.759 1.000
-0.152 0.759 1.000
-0.123 0.759 1.000
-0.094 0.759 1.000
-0.065 0.759 1.000
-0.036 0.759 1.000
-0.007 0.759 1.000
0.022 0.759 1.000
0.051 0.759 1.000
0.080 0.759 1.000
0.109 0.759 1.000
0.138 0.759 1.000
0.167 0.759 1.000
0.196 0.759 1.000
0.225 0.759 1.000
0.254 0.759 1.000
0.283 0.759 1.000
0.312 0.759 1.000
0.341 0.759 1.000
0.370 0.759 1.000
0.399 0.759 1.000
0.428 0.759 1.000
0.457 0.759 1.000
0.486 0.759 1.000
0.515 0.759 1.000
0.544 0.759 1.000
0.573 0.759 1.000
0.602 0.759 1.000
0.632 0.759 1.000
0.661 0.759 1.000
0.690 0.759 1.000
0.719 0.759 1.000
0.748 0.759 1.000
0.777 0.759 1.000
0.806 0.759 1.000
0.835 0.759 1.000
0.864 0.759 1.000
0.893 0.759 1.000
0.922 0.759 1.000
0.951 0.759 1.000
0.980 0.759 1.000
1.009 0.759 1.000
1.038 0.759 1.000
1.067 0.759 1.000
1.096 0.759 1.000
1.125 0.759 1.000
-0.298 0.781 1.000
-0.269 0.781 1.000
-0.239 0.781 1.000
-0.210 0.781 1.000
-0.181 0.781 1.000
-0.152 0.781 1.000
-0.123 0.781 1.000
-0.094 0.781 1.000
-0.065 0.781 1.000
-0.036 0.781 1.000
-0.007 0.781 1.000
0.022 0.781 1.000
0.051 0.781 1.000
0.080 0.781 1.000
0.109 0.781 1.000
0.138 0.781 1.000
0.167 0.781 1.000
0.196 0.781 1.000
0.225 0.781 1.000
0.254 0.781 1.000
0.283 0.781 1.000
0.312 0.781 1.000
0.341 0.781 1.000
0.370 0.781 1.000
0.399 0.781 1.000
0.428 0.781 1.000
0.457 0.781 1.000
0.486 0.781 1.000
0.515 0.781 1.000
0.544 0.781 1.000
0.573 0.781 1.000
0.602 0.781 1.000
0.632 0.781 1.000
0.661 0.781 1.000
0.690 0.781 1.000
0.719 0.781 1.000
0.748 0.781 1.000
0.777 0.781 1.000
0.806 0.781 1.000
0.835 0.781 1.000
0.864 0.781 1.000
0.893 0.781 1.000
0.922 0.781 1.000
0.951 0.781 1.000
0.980 0.781 1.000
1.009 0.781 1.000
1.038 0.781 1.000
1.067 0.781 1.000
1.096 0.781 1.000
1.125 0.781 1.000
-0.298 0.802 1.000
-0.269 0.802 1.000
-0.239 0.802 1.000
-0.210 0.802 1.000
-0.181 0.802 1.000
-0.152 0.802 1.000
-0.123 0.802 1.000
-0.094 0.802 1.000
-0.065 0.802 1.000
-0.036 0.802 1.000
-0.007 0.802 1.000
0.022 0.802 1.000
0.051 0.802 1.000
0.080 0.802 1.000
0.109 0.802 1.000
0.138 0.802 1.000
0.167 0.802 1.000
0.196 0.802 1.000
0.225 0.802 1.000
0.254 0.802 1.000
0.283 0.802 1.000
0.312 0.802 1.000
0.341 0.802 1.000
0.370 0.802 1.000
0.399 0.802 1.000
0.428 0.802 1.000
0.457 0.802 1.000
0.486 0.802 1.000
0.515 0.802 1.000
0.544 0.802 1.000
0.573 0.802 1.000
0.602 0.802 1.000
0.632 0.802 1.000
0.661 0.802 1.000
0.690 0.802 1.000
0.719 0.802 1.000
0.748 0.802 1.000
0.777 0.802 1.000
0.806 0.802 1.000
0.835 0.802 1.000
0.864 0.802 1.000
0.893 0.802 1.000
0.922 0.802 1.000
0.951 0.802 1.000
0.980 0.802 1.000
1.009 0.802 1.000
1.038 0.802 1.000
1.067 0.802 1.000
1.096 0.802 1.000
1.125 0.802 1.000
-0.298 0.823 1.000
-0.269 0.823 1.000
-0.239 0.823 1.000
-0.210 0.823 1.000
-0.181 0.823 1.000
-0.152 0.823 1.000
-0.123 0.823 1.000
-0.094 0.823 1.000
-0.065 0.823 1.000
-0.036 0.823 1.000
-0.007 0.823 1.000
0.022 0.823 1.000
0.051 0.823 1.000
0.080 0.823 1.000
0.109 0.823 1.000
0.138 0.823 1.000
0.167 0.823 1.000
0.196 0.823 1.000
0.225 0.823 1.000
0.254 0.823 1.000
0.283 0.823 1.000
0.312 0.823 1.000
0.341 0.823 1.000
0.370 0.823 1.000
0.399 0.823 1.000
0.428 0.823 1.000
0.457 0.823 1.000
0.486 0.823 1.000
0.515 0.823 1.000
0.544 0.823 1.000
0.573 0.823 1.000
0.602 0.823 1.000
0.632 0.823 1.000
0.661 0.823 1.000
0.690 0.823 1.000
0.719 0.823 1.000
0.748 0.823 1.000
0.777 0.823 1.000
0.806 0.823 1.000
0.835 0.823 1.000
0.864 0.823 1.000
0.893 0.823 1.000
0.922 0.823 1.000
0.951 0.823 1.000
0.980 0.823 1.000
1.009 0.823 1.000
1.038 0.823 1.000
1.067 0.823 1.000
1.096 0.823 1.000
1.125 0.823 1.000
-0.298 0.844 1.000
-0.269 0.844 1.000
-0.239 0.844 1.000
-0.210 0.844 1.000
-0.181 0.844 1.000
-0.152 0.844 1.000
-0.123 0.844 1.000
-0.094 0.844 1.000
-0.065 0.844 1.000
-0.036 0.844 1.000
-0.007 0.844 1.000
0.022 0.844 1.000
0.051 0.844 1.000
0.080 0.844 1.000
0.109 0.844 1.000
0.138 0.844 1.000
0.167 0.844 1.000
0.196 0.844 1.000
0.225 0.844 1.000
0.254 0.844 1.000
0.283 0.844 1.000
0.312 0.844 1.000
0.341 0.844 1.000
0.370 0.844 1.000
0.399 0.844 1.000
0.428 0.844 1.000
0.457 0.844 1.000
0.486 0.844 1.000
0.515 0.844 1.000
0.544 0.844 1.000
0.573 0.844 1.000
0.602 0.844 1.000
0.632 0.844 1.000
0.661 0.844 1.000
0.690 0.844 1.000
0.719 0.844 1.000
0.748 0.844 1.000
0.777 0.844 1.000
0.806 0.844 1.000
0.835 0.844 1.000
0.864 0.844 1.000
0.893 0.844 1.000
0.922 0.844 1.000
0.951 0.844 1.000
0.980 0.844 1.000
1.009 0.844 1.000
1.038 0.844 1.000
1.067 0.844 1.000
1.096 0.844 1.000
1.125 0.844 1.000
-0.298 0.865 1.000
-0.269 0.865 1.000
-0.239 0.865 1.000
-0.210 0.865 1.000
-0.181 0.865 1.000
-0.152 0.865 1.000
-0.123 0.865 1.000
-0.094 0.865 1.000
-0.065 0.865 1.000
-0.036 0.865 1.000
-0.007 0.865 1.000
0.022 0.865 1.000
0.051 0.865 1.000
0.080 0.865 1.000
0.109 0.865 1.000
0.138 0.865 1.000
0.167 0.865 1.000
0.196 0.865 1.000
0.225 0.865 1.000
0.254 0.865 1.000
0.283 0.865 1.000
0.312 0.865 1.000
0.341 0.865 1.000
0.370 0.865 1.000
0.399 0.865 1.000
0.428 0.865 1.000
0.457 0.865 1.000
0.486 0.865 1.000
0.515 0.865 1.000
0.544 0.865 1.000
0.573 0.865 1.000
0.602 0.865 1.000
0.632 0.865 1.000
0.661 0.865 1.000
0.690 0.865 1.000
0.719 0.865 1.000
0.748 0.865 1.000
0.777 0.865 1.000
0.806 0.865 1.000
0.835 0.865 1.000
0.864 0.865 1.000
0.893 0.865 1.000
0.922 0.865 1.000
0.951 0.865 1.000
0.980 0.865 1.000
1.009 0.865 1.000
1.038 0.865 1.000
1.067 0.865 1.000
1.096 0.865 1.000
1.125 0.865 1.000
-0.298 0.886 1.000
-0.269 0.886 1.000
-0.239 0.886 1.000
-0.210 0.886 1.000
-0.181 0.886 1.000
-0.152 0.886 1.000
-0.123 0.886 1.000
-0.094 0.886 1.000
-0.065 0.886 1.000
-0.036 0.886 1.000
-0.007 0.886 1.000
0.022 0.886 1.000
0.051 0.886 1.000
0.080 0.886 1.000
0.109 0.886 1.000
0.138 0.886 1.000
0.167 0.886 1.000
0.196 0.886 1.000
0.225 0.886 1.000
0.254 0.886 1.000
0.283 0.886 1.000
0.312 0.886 1.000
0.341 0.886 1.000
0.370 0.886 1.000
0.399 0.886 1.000
0.428 0.886 1.000
0.457 0.886 1.000
0.486 0.886 1.000
0.515 0.886 1.000
0.544 0.886 1.000
0.573 0.886 1.000
0.602 0.886 1.000
0.632 0.886 1.000
0.661 0.886 1.000
0.690 0.886 1.000
0.719 0.886 1.000
0.748 0.886 1.000
0.777 0.886 1.000
0.806 0.886 1.000
0.835 0.886 1.000
0.864 0.886 1.000
0.893 0.886 1.000
0.922 0.886 1.000
0.951 0.886 1.000
0.980 0.886 1.000
1.009 0.886 1.000
1.038 0.886 1.000
1.067 0.886 1.000
1.096 0.886 1.000
1.125 0.886 1.000
-0.298 0.907 1.000
-0.269 0.907 1.000
-0.239 0.907 1.000
-0.210 0.907 1.000
-0.181 0.907 1.000
-0.152 0.907 1.000
-0.123 0.907 1.000
-0.094 0.907 1.000
-0.065 0.907 1.000
-0.036 0.907 1.000
-0.007 0.907 1.000
0.022 0.907 1.000
0.051 0.907 1.000
0.080 0.907 1.000
0.109 0.907 1.000
0.138 0.907 1.000
0.167 0.907 1.000
0.196 0.907 1.000
0.225 0.907 1.000
0.254 0.907 1.000
0.283 0.907 1.000
0.312 0.907 1.000
0.341 0.907 1.000
0.370 0.907 1.000
0.399 0.907 1.000
0.428 0.907 1.000
0.457 0.907 1.000
0.486 0.907 1.000
0.515 0.907 1.000
0.544 0.907 1.000
0.573 0.907 1.000
0.602 0.907 1.000
0.632 0.907 1.000
0.661 0.907 1.000
0.690 0.907 1.000
0.719 0.907 1.000
0.748 0.907 1.000
0.777 0.907 1.000
0.806 0.907 1.000
0.835 0.907 1.000
0.864 0.907 1.000
0.893 0.907 1.000
0.922 0.907 1.000
0.951 0.907 1.000
0.980 0.907 1.000
1.009 0.907 1.000
1.038 0.907 1.000
1.067 0.907 1.000
1.096 0.907 1.000
1.125 0.907 1.000
-0.298 0.928 1.000
-0.269 0.928 1.000
-0.239 0.928 1.000
-0.210 0.928 1.000
-0.181 0.928 1.000
-0.152 0.928 1.000
-0.123 0.928 1.000
-0.094 0.928 1.000
-0.065 0.928 1.000
-0.036 0.928 1.000
-0.007 0.928 1.000
0.022 0.928 1.000
0.051 0.928 1.000
0.080 0.928 1.000
0.109 0.928 1.000
0.138 0.928 1.000
0.167 0.928 1.000
0.196 0.928 1.000
0.225 0.928 1.000
0.254 0.928 1.000
0.283 0.928 1.000
0.312 0.928 1.000
0.341 0.928 1.000
0.370 0.928 1.000
0.399 0.928 1.000
0.428 0.928 1.000
0.457 0.928 1.000
0.486 0.928 1.000
0.515 0.928 1.000
0.544 0.928 1.000
0.573 0.928 1.000
0.602 0.928 1.000
0.632 0.928 1.000
0.661 0.928 1.000
0.690 0.928 1.000
0.719 0.928 1.000
0.748 0.928 1.000
0.777 0.928 1.000
0.806 0.928 1.000
0.835 0.928 1.000
0.864 0.928 1.000
0.893 0.928 1.000
0.922 0.928 1.000
0.951 0.928 1.000
0.980 0.928 1.000
1.009 0.928 1.000
1.038 0.928 1.000
1.067 0.928 1.000
1.096 0.928 1.000
1.125 0.928 1.000
-0.298 0.950 1.000
-0.269 0.950 1.000
-0.239 0.950 1.000
-0.210 0.950 1.000
-0.181 0.950 1.000
-0.152 0.950 1.000
-0.123 0.950 1.000
-0.094 0.950 1.000
-0.065 0.950 1.000
-0.036 0.950 1.000
-0.007 0.950 1.000
0.022 0.950 1.000
0.051 0.950 1.000
0.080 0.950 1.000
0.109 0.950 1.000
0.138 0.950 1.000
0.167 0.950 1.000
0.196 0.950 1.000
0.225 0.950 1.000
0.254 0.950 1.000
0.283 0.950 1.000
0.312 0.950 1.000
0.341 0.950 1.000
0.370 0.950 1.000
0.399 0.950 1.000
0.428 0.950 1.000
0.457 0.950 1.000
0.486 0.950 1.000
0.515 0.950 1.000
0.544 0.950 1.000
0.573 0.950 1.000
0.602 0.950 1.000
0.632 0.950 1.000
0.661 0.950 1.000
0.690 0.950 1.000
0.719 0.950 1.000
0.748 0.950 1.000
0.777 0.950 1.000
0.806 0.950 1.000
0.835 0.950 1.000
0.864 0.950 1.000
0.893 0.950 1.000
0.922 0.950 1.000
0.951 0.950 1.000
0.980 0.950 1.000
1.009 0.950 1.000
1.038 0.950 1.000
1.067 0.950 1.000
1.096 0.950 1.000
1.125 0.950 1.000
-0.298 0.971 1.000
-0.269 0.971 1.000
-0.239 0.971 1.000
-0.210 0.971 1.000
-0.181 0.971 1.000
-0.152 0.971 1.000
-0.123 0.971 1.000
-0.094 0.971 1.000
-0.065 0.971 1.000
-0.036 0.971 1.000
-0.007 0.971 1.000
0.022 0.971 1.000
0.051 0.971 1.000
0.080 0.971 1.000
0.109 0.971 1.000
0.138 0.971 1.000
0.167 0.971 1.000
0.196 0.971 1.000
0.225 0.971 1.000
0.254 0.971 1.000
0.283 0.971 1.000
0.312 0.971 1.000
0.341 0.971 1.000
0.370 0.971 1.000
0.399 0.971 1.000
0.428 0.971 1.000
0.457 0.971 1.000
0.486 0.971 1.000
0.515 0.971 1.000
0.544 0.971 1.000
0.573 0.971 1.000
0.602 0.971 1.000
0.632 0.971 1.000
0.661 0.971 1.000
0.690 0.971 1.000
0.719 0.971 1.000
0.748 0.971 1.000
0.777 0.971 1.000
0.806 0.971 1.000
0.835 0.971 1.000
0.864 0.971 1.000
0.893 0.971 1.000
0.922 0.971 1.000
0.951 0.971 1.000
0.980 0.971 1.000
1.009 0.971 1.000
1.038 0.971 1.000
1.067 0.971 1.000
1.096 0.971 1.000
1.125 0.971 1.000
-0.298 0.992 1.000
-0.269 0.992 1.000
-0.239 0.992 1.000
-0.210 0.992 1.000
-0.181 0.992 1.000
-0.152 0.992 1.000
-0.123 0.992 1.000
-0.094 0.992 1.000
-0.065 0.992 1.000
-0.036 0.992 1.000
-0.007 0.992 1.000
0.022 0.992 1.000
0.051 0.992 1.000
0.080 0.992 1.000
0.109 0.992 1.000
0.138 0.992 1.000
0.167 0.992 1.000
0.196 0.992 1.000
0.225 0.992 1.000
0.254 0.992 1.000
0.283 0.992 1.000
0.312 0.992 1.000
0.341 0.992 1.000
0.370 0.992 1.000
0.399 0.992 1.000
0.428 0.992 1.000
0.457 0.992 1.000
0.486 0.992 1.000
0.515 0.992 1.000
0.544 0.992 1.000
0.573 0.992 1.000
0.602 0.992 1.000
0.632 0.992 1.000
0.661 0.992 1.000
0.690 0.992 1.000
0.719 0.992 1.000
0.748 0.992 1.000
0.777 0.992 1.000
0.806 0.992 1.000
0.835 0.992 1.000
0.864 0.992 1.000
0.893 0.992 1.000
0.922 0.992 1.000
0.951 0.992 1.000
0.980 0.992 1.000
1.009 0.992 1.000
1.038 0.992 1.000
1.067 0.992 1.000
1.096 0.992 1.000
1.125 0.992 1.000
